,movie,year,time_minute,imdb_rating,metascore,vote,gross_earning
0,Dune,2021,155,8.4,75.0,77341,
1,Shang-Chi and the Legend of the Ten Rings,2021,132,7.9,71.0,107265,
2,Casino Royale,2006,144,8.0,80.0,611982,167.45
3,Skyfall,2012,143,7.8,81.0,657440,304.36
4,Halloween,1978,91,7.7,87.0,247231,47.0
5,Knives Out,2019,130,7.9,82.0,535602,165.36
6,Parasite,2019,132,8.6,96.0,668079,53.37
7,Titanic,1997,194,7.8,75.0,1095849,659.33
8,Heat,1995,170,8.2,76.0,608849,67.44
9,Once Upon a Time... In Hollywood,2019,161,7.6,83.0,642794,142.5
10,Blade Runner 2049,2017,164,8.0,81.0,502103,92.05
11,The Matrix,1999,136,8.7,73.0,1766591,171.48
12,The Wolf of Wall Street,2013,180,8.2,75.0,1270602,116.9
13,The Shawshank Redemption,1994,142,9.3,80.0,2472822,28.34
14,Joker,2019,122,8.4,59.0,1075796,335.45
15,Harry Potter and the Sorcerer's Stone,2001,152,7.6,64.0,701927,317.58
16,Zodiac,2007,157,7.7,78.0,498598,33.08
17,Avengers: Endgame,2019,181,8.4,78.0,946629,858.37
18,Train to Busan,2016,118,7.6,72.0,189840,2.13
19,Gladiator,2000,155,8.5,67.0,1402904,187.71
20,The Godfather,1972,175,9.2,100.0,1708664,134.97
21,The Nightmare Before Christmas,1993,76,8.0,82.0,311382,75.08
22,Interstellar,2014,169,8.6,74.0,1622833,188.02
23,Battle Royale,2000,114,7.6,81.0,176075,
24,The Dark Knight,2008,152,9.0,84.0,2426865,534.86
25,Zack Snyder's Justice League,2021,242,8.1,54.0,340082,
26,1917,2019,119,8.3,78.0,496173,159.23
27,Prisoners,2013,153,8.1,70.0,640663,61.0
28,The Father,2020,97,8.3,88.0,100697,
29,Inception,2010,148,8.8,74.0,2177635,292.58
30,Pulp Fiction,1994,154,8.9,94.0,1914342,107.93
31,The Departed,2006,151,8.5,85.0,1244206,132.38
32,Ghostbusters,1984,105,7.8,71.0,374393,238.63
33,Fight Club,1999,139,8.8,66.0,1946952,37.03
34,The Lord of the Rings: The Fellowship of the Ring,2001,178,8.8,92.0,1735668,315.54
35,The Shining,1980,146,8.4,66.0,946016,44.02
36,Léon: The Professional,1994,110,8.5,64.0,1084964,19.5
37,Django Unchained,2012,165,8.4,81.0,1431955,162.81
38,Gone Girl,2014,149,8.1,79.0,912068,167.77
39,The Silence of the Lambs,1991,118,8.6,85.0,1335957,130.74
40,Mad Max: Fury Road,2015,120,8.1,90.0,930445,154.06
41,Man on Fire,2004,146,7.7,47.0,345316,77.91
42,Goodfellas,1990,146,8.7,90.0,1073545,46.84
43,Inglourious Basterds,2009,153,8.3,69.0,1337185,120.54
44,The Goonies,1985,114,7.8,62.0,256416,61.5
45,The Fifth Element,1997,126,7.7,52.0,450154,63.54
46,Once Upon a Time in America,1984,229,8.3,75.0,330496,5.32
47,Little Women,2019,135,7.8,91.0,167116,108.1
48,Forrest Gump,1994,142,8.8,82.0,1911498,330.25
49,Star Trek,2009,127,7.9,82.0,590619,257.73
50,Kingsman: The Secret Service,2014,129,7.7,60.0,618249,128.26
51,Oldboy,2003,101,8.4,77.0,542653,0.71
52,Catch Me If You Can,2002,141,8.1,75.0,889955,164.62
53,Deadpool,2016,108,8.0,65.0,951709,363.07
54,American Psycho,2000,101,7.6,64.0,527897,15.07
55,Bohemian Rhapsody,2018,134,7.9,49.0,489570,216.43
56,Blue Is the Warmest Colour,2013,180,7.7,89.0,144757,2.2
57,A Clockwork Orange,1971,136,8.3,77.0,787664,6.21
58,Back to the Future,1985,116,8.5,87.0,1116334,210.61
59,Young Frankenstein,1974,106,8.0,80.0,150674,86.3
60,Avengers: Infinity War,2018,149,8.4,68.0,929504,678.82
61,Wind River,2017,107,7.7,73.0,225445,33.8
62,Guardians of the Galaxy,2014,121,8.0,76.0,1096952,333.18
63,Alien,1979,117,8.4,89.0,825673,78.9
64,Se7en,1995,127,8.6,65.0,1521820,100.13
65,Thor: Ragnarok,2017,130,7.9,74.0,649948,315.06
66,Another Round,2020,117,7.8,79.0,112644,
67,Jurassic Park,1993,127,8.1,68.0,911661,402.45
68,No Country for Old Men,2007,122,8.1,91.0,903632,74.28
69,Goldfinger,1964,110,7.7,87.0,181279,51.08
70,Blade Runner,1982,117,8.1,84.0,723989,32.87
71,The Girl with the Dragon Tattoo,2011,158,7.8,71.0,441443,102.52
72,The Thing,1982,109,8.1,57.0,392866,13.78
73,Jaws,1975,124,8.0,87.0,566458,260.0
74,The Gentlemen,2019,113,7.8,51.0,283181,
75,Schindler's List,1993,195,8.9,94.0,1270039,96.9
76,The Dark Knight Rises,2012,164,8.4,78.0,1582447,448.14
77,Arrival,2016,116,7.9,81.0,636917,100.55
78,Edward Scissorhands,1990,105,7.9,74.0,462678,56.36
79,The Exorcist,1973,122,8.0,81.0,377381,232.91
80,The Birds,1963,119,7.7,90.0,179923,11.4
81,Call Me by Your Name,2017,132,7.9,93.0,237726,18.1
82,Get Out,2017,104,7.7,85.0,532806,176.04
83,Die Hard,1988,132,8.2,72.0,822516,83.01
84,Saving Private Ryan,1998,169,8.6,91.0,1295784,216.54
85,The Grand Budapest Hotel,2014,99,8.1,88.0,747801,59.1
86,Barry Lyndon,1975,185,8.1,89.0,158852,
87,The Hangover,2009,100,7.7,73.0,744501,277.32
88,What We Do in the Shadows,2014,86,7.7,76.0,169001,3.33
89,Donnie Darko,2001,113,8.0,88.0,765297,1.48
90,Shershaah,2021,135,8.7,,103731,
91,Harry Potter and the Goblet of Fire,2005,157,7.7,81.0,575876,290.01
92,Shutter Island,2010,138,8.2,63.0,1200387,128.01
93,Harry Potter and the Deathly Hallows: Part 2,2011,130,8.1,85.0,805160,381.01
94,Avatar,2009,162,7.8,83.0,1158484,760.51
95,The Princess Bride,1987,98,8.1,77.0,409287,30.86
96,The Prestige,2006,130,8.5,66.0,1248467,53.09
97,Spider-Man: Into the Spider-Verse,2018,117,8.4,87.0,430698,190.24
98,Sicario,2015,121,7.6,82.0,396472,46.89
99,Whiplash,2014,106,8.5,88.0,766725,13.09
100,Boogie Nights,1997,155,7.9,85.0,250928,26.4
101,Deadpool 2,2018,119,7.7,66.0,520210,324.59
102,Pride & Prejudice,2005,129,7.8,82.0,274196,38.41
103,The Green Mile,1999,189,8.6,61.0,1207350,136.8
104,Pirates of the Caribbean: The Curse of the Black Pearl,2003,143,8.0,63.0,1047086,305.41
105,The Social Network,2010,120,7.7,95.0,656280,96.96
106,Hamilton,2020,160,8.4,90.0,74757,
107,The Big Short,2015,130,7.8,81.0,392111,70.26
108,The Sixth Sense,1999,107,8.1,64.0,944160,293.51
109,Spirited Away,2001,125,8.6,96.0,696547,10.06
110,Taxi Driver,1976,114,8.2,94.0,763989,28.26
111,Nightcrawler,2014,117,7.8,76.0,497395,32.38
112,Black Swan,2010,108,8.0,79.0,725682,106.95
113,Scarface,1983,170,8.3,65.0,780747,45.6
114,Requiem for a Dream,2000,102,8.3,68.0,797499,3.64
115,American Beauty,1999,122,8.3,84.0,1106488,130.1
116,Ex Machina,2014,108,7.7,78.0,503600,25.44
117,Saw,2004,103,7.6,46.0,398065,56.0
118,Good Will Hunting,1997,126,8.3,70.0,903365,138.43
119,Psycho,1960,109,8.5,97.0,632506,32.0
120,Hacksaw Ridge,2016,139,8.1,71.0,469798,67.21
121,The Revenant,2015,156,8.0,76.0,744779,183.64
122,Coraline,2009,100,7.7,80.0,209334,75.29
123,Logan,2017,137,8.1,77.0,690748,226.28
124,Jojo Rabbit,2019,108,7.9,58.0,341067,0.35
125,Dazed and Confused,1993,102,7.6,78.0,174442,7.99
126,Come and See,1985,142,8.3,,68557,
127,The Lord of the Rings: The Return of the King,2003,201,8.9,94.0,1714401,377.85
128,Star Wars: Episode IV - A New Hope,1977,121,8.6,90.0,1280040,322.74
129,Baby Driver,2017,113,7.6,86.0,479598,107.83
130,Harry Potter and the Prisoner of Azkaban,2004,142,7.9,82.0,582041,249.36
131,12 Angry Men,1957,96,9.0,96.0,731906,4.36
132,Atonement,2007,123,7.8,85.0,263438,50.93
133,The Avengers,2012,143,8.0,69.0,1310868,623.28
134,Moonrise Kingdom,2012,94,7.8,84.0,332093,45.51
135,The Irishman,2019,209,7.8,94.0,352950,7.0
136,Dunkirk,2017,106,7.8,94.0,598018,188.37
137,Soul,2020,100,8.1,83.0,280635,
138,There Will Be Blood,2007,158,8.2,93.0,546588,40.22
139,Iron Man,2008,126,7.9,79.0,986494,318.41
140,300,2006,117,7.6,52.0,758457,210.61
141,The Boy in the Striped Pajamas,2008,94,7.8,55.0,202128,9.03
142,Training Day,2001,122,7.7,69.0,410546,76.63
143,Indiana Jones and the Raiders of the Lost Ark,1981,115,8.4,85.0,918946,248.16
144,Coco,2017,105,8.4,81.0,434654,209.73
145,The Godfather: Part II,1974,202,9.0,90.0,1186910,57.3
146,Eternal Sunshine of the Spotless Mind,2004,108,8.3,89.0,950709,34.4
147,The Martian,2015,144,8.0,80.0,797354,228.43
148,The Handmaiden,2016,145,8.1,84.0,128830,2.01
149,The Last of the Mohicans,1992,112,7.7,76.0,159675,75.51
150,Watchmen,2009,162,7.6,56.0,527095,107.51
151,Aliens,1986,137,8.3,84.0,680150,85.16
152,Green Book,2018,130,8.2,69.0,429182,85.08
153,Kill Bill: Vol. 1,2003,111,8.1,69.0,1048880,70.1
154,Snatch,2000,102,8.3,55.0,813574,30.33
155,"The Good, the Bad and the Ugly",1966,178,8.8,90.0,719730,6.1
156,The Notebook,2004,123,7.8,53.0,541847,81.0
157,The Hobbit: An Unexpected Journey,2012,169,7.8,58.0,782071,303.0
158,The Usual Suspects,1995,106,8.5,77.0,1031238,23.34
159,Edge of Tomorrow,2014,113,7.9,71.0,633147,100.21
160,Stardust,2007,127,7.6,66.0,263429,38.63
161,Cast Away,2000,143,7.8,73.0,553481,233.63
162,One Flew Over the Cuckoo's Nest,1975,133,8.7,84.0,956245,112.0
163,Drive,2011,100,7.8,78.0,596803,35.06
164,Batman Begins,2005,140,8.2,70.0,1363593,206.85
165,2001: A Space Odyssey,1968,149,8.3,84.0,631482,56.95
166,E.T. the Extra-Terrestrial,1982,115,7.8,91.0,388161,435.11
167,Into the Wild,2007,148,8.1,73.0,595748,18.35
168,Brokeback Mountain,2005,134,7.7,87.0,339138,83.04
169,The Big Lebowski,1998,117,8.1,71.0,767959,17.5
170,Mulholland Drive,2001,147,7.9,85.0,338404,7.22
171,Hidden Figures,2016,127,7.8,74.0,212813,169.61
172,Incendies,2010,131,8.3,80.0,162950,6.86
173,Trainspotting,1996,93,8.1,83.0,657408,16.5
174,Black Hawk Down,2001,144,7.7,74.0,377936,108.64
175,The Blues Brothers,1980,133,7.9,60.0,190554,57.23
176,Apocalypse Now,1979,147,8.4,94.0,631245,83.47
177,Almost Famous,2000,122,7.9,90.0,265490,32.53
178,V for Vendetta,2005,132,8.1,62.0,1068489,70.51
179,Guardians of the Galaxy Vol. 2,2017,136,7.6,67.0,613113,389.81
180,I Saw the Devil,2010,144,7.8,67.0,120212,0.13
181,Ford v Ferrari,2019,152,8.1,81.0,337856,117.62
182,Braveheart,1995,178,8.3,68.0,990472,75.6
183,Memento,2000,113,8.4,80.0,1171920,25.54
184,Moana,2016,107,7.6,81.0,298328,248.76
185,The Lion King,1994,88,8.5,88.0,986463,422.78
186,The Hateful Eight,2015,168,7.8,68.0,552755,54.12
187,Fantastic Mr. Fox,2009,87,7.9,83.0,213233,21.0
188,Pan's Labyrinth,2006,118,8.2,98.0,639988,37.63
189,La La Land,2016,128,8.0,94.0,539446,151.1
190,American History X,1998,119,8.5,62.0,1069623,6.72
191,A Star Is Born,2018,136,7.6,88.0,356960,215.29
192,Home Alone,1990,103,7.6,63.0,509190,285.76
193,The Truman Show,1998,103,8.1,90.0,992496,125.62
194,Harry Potter and the Deathly Hallows: Part 1,2010,146,7.7,65.0,504448,295.98
195,Mission: Impossible - Fallout,2018,147,7.7,86.0,308931,220.16
196,Demon Slayer: Mugen Train,2020,117,8.3,75.0,37653,47.7
197,Sin City,2005,124,8.0,74.0,750627,74.1
198,The Lord of the Rings: The Two Towers,2002,179,8.7,87.0,1549897,342.55
199,The Hunt,2012,115,8.3,77.0,304710,0.69
200,Tombstone,1993,130,7.8,50.0,136534,56.51
201,The Pianist,2002,150,8.5,85.0,773164,32.57
202,Memories of Murder,2003,132,8.1,82.0,159934,0.01
203,Harry Potter and the Half-Blood Prince,2009,153,7.6,78.0,501110,301.96
204,Reservoir Dogs,1992,99,8.3,79.0,960470,2.83
205,Zombieland,2009,88,7.6,73.0,543595,75.59
206,Her,2013,126,8.0,91.0,569313,25.57
207,Captain America: Civil War,2016,147,7.8,75.0,711438,408.08
208,Terminator 2: Judgment Day,1991,137,8.5,75.0,1036145,204.84
209,Dead Poets Society,1989,128,8.1,79.0,450607,95.86
210,Casino,1995,178,8.2,73.0,489402,42.44
211,Office Space,1999,89,7.7,68.0,252641,10.82
212,The Intouchables,2011,112,8.5,57.0,799228,13.18
213,City of God,2002,130,8.6,79.0,723441,7.56
214,Star Wars: Episode VII - The Force Awakens,2015,138,7.8,80.0,886587,936.66
215,"Three Billboards Outside Ebbing, Missouri",2017,115,8.1,88.0,467821,54.51
216,Rogue One: A Star Wars Story,2016,133,7.8,65.0,581874,532.18
217,Captain Fantastic,2016,118,7.9,72.0,205818,5.88
218,A Beautiful Mind,2001,135,8.2,72.0,883240,170.74
219,About Time,2013,123,7.8,55.0,323643,15.32
220,Ferris Bueller's Day Off,1986,103,7.8,61.0,336528,70.14
221,Full Metal Jacket,1987,116,8.3,76.0,703118,46.36
222,The Game,1997,129,7.7,61.0,370533,48.32
223,Road to Perdition,2002,117,7.7,72.0,257542,104.45
224,The Breakfast Club,1985,97,7.8,66.0,373125,45.88
225,Predator,1987,107,7.8,45.0,388229,59.74
226,True Romance,1993,119,7.9,59.0,217292,12.28
227,The Imitation Game,2014,114,8.0,71.0,719545,91.13
228,The Blind Side,2009,129,7.6,53.0,308867,255.96
229,The Graduate,1967,106,8.0,83.0,263589,104.95
230,Stand by Me,1986,89,8.1,75.0,380931,52.29
231,Midnight in Paris,2011,94,7.7,81.0,403816,56.82
232,The Terminator,1984,107,8.0,84.0,822042,38.4
233,American Gangster,2007,157,7.8,76.0,407198,130.16
234,Unforgiven,1992,130,8.2,85.0,392829,101.16
235,Spotlight,2015,129,8.1,93.0,443700,45.06
236,Fargo,1996,98,8.1,85.0,644737,24.61
237,The Help,2011,146,8.0,62.0,440214,169.71
238,All About Eve,1950,138,8.2,98.0,126221,0.01
239,Zootopia,2016,108,8.0,78.0,460009,341.27
240,My Cousin Vinny,1992,120,7.6,68.0,114906,52.93
241,Silver Linings Playbook,2012,122,7.7,81.0,681894,132.09
242,The Untouchables,1987,119,7.9,79.0,295351,76.27
243,The Wizard of Oz,1939,102,8.0,92.0,380132,2.08
244,The Mitchells vs the Machines,2021,113,7.7,80.0,76699,
245,Your Name.,2016,106,8.4,79.0,226608,5.02
246,Just Mercy,2019,137,7.6,68.0,57071,
247,Ocean's Eleven,2001,116,7.7,74.0,540425,183.42
248,Ratatouille,2007,111,8.0,96.0,671457,206.45
249,Life Is Beautiful,1997,116,8.6,59.0,653939,57.6
250,"Monsters, Inc.",2001,92,8.1,79.0,852936,289.92
251,The Perks of Being a Wallflower,2012,103,7.9,67.0,482617,17.74
252,Room,2015,118,8.1,86.0,394019,14.68
253,District 9,2009,112,7.9,81.0,656218,115.65
254,Warrior,2011,140,8.1,71.0,450884,13.66
255,Mystic River,2003,138,7.9,84.0,437894,90.14
256,Captain America: The Winter Soldier,2014,136,7.7,70.0,779792,259.77
257,12 Monkeys,1995,129,8.0,74.0,596856,57.14
258,The Curious Case of Benjamin Button,2008,166,7.8,70.0,615525,127.51
259,Howl's Moving Castle,2004,119,8.2,80.0,359166,4.71
260,Remember the Titans,2000,113,7.8,48.0,205327,115.65
261,Casablanca,1942,102,8.5,100.0,544171,1.02
262,Carlito's Way,1993,144,7.9,65.0,208902,36.95
263,Argo,2012,120,7.7,86.0,591481,136.03
264,Sherlock Holmes,2009,128,7.6,57.0,604166,209.03
265,Sound of Metal,2019,120,7.8,82.0,106536,
266,Rocky,1976,120,8.1,70.0,541152,117.24
267,Shaun of the Dead,2004,99,7.9,76.0,531861,13.54
268,Apocalypto,2006,139,7.8,68.0,300336,50.87
269,Misery,1990,107,7.8,75.0,195883,61.28
270,Star Wars: Episode V - The Empire Strikes Back,1980,124,8.7,82.0,1208240,290.48
271,Indiana Jones and the Last Crusade,1989,127,8.2,65.0,718819,197.17
272,Gran Torino,2008,116,8.1,72.0,743387,148.1
273,Inside Out,2015,95,8.1,94.0,655890,356.46
274,Toy Story,1995,81,8.3,95.0,929376,191.8
275,Willy Wonka & the Chocolate Factory,1971,100,7.8,67.0,188901,4.0
276,Shrek,2001,90,7.9,84.0,639972,267.67
277,Amélie,2001,122,8.3,69.0,726411,33.23
278,Rush,2013,123,8.1,74.0,453741,26.95
279,The Hobbit: The Desolation of Smaug,2013,161,7.8,66.0,623157,258.37
280,Lost in Translation,2003,102,7.7,89.0,433715,44.59
281,Marriage Story,2019,137,7.9,94.0,274326,2.0
282,Amadeus,1984,160,8.3,88.0,383124,51.97
283,The Incredibles,2004,115,8.0,90.0,682656,261.44
284,As Good as It Gets,1997,139,7.7,67.0,287680,148.48
285,Taken,2008,90,7.8,51.0,581478,145.0
286,L.A. Confidential,1997,138,8.2,90.0,552820,64.62
287,Magnolia,1999,188,8.0,77.0,300334,22.46
288,Portrait of a Lady on Fire,2019,122,8.1,95.0,77998,3.76
289,Rosemary's Baby,1968,137,8.0,96.0,204258,
290,Airplane!,1980,88,7.7,78.0,225084,83.4
291,Gone with the Wind,1939,238,8.1,97.0,302041,198.68
292,Wonder,2017,113,8.0,66.0,153463,132.42
293,Evil Dead II,1987,84,7.7,72.0,154721,5.92
294,X-Men: First Class,2011,131,7.7,65.0,664060,146.41
295,12 Years a Slave,2013,134,8.1,96.0,666323,56.67
296,Hot Fuzz,2007,121,7.8,81.0,483070,23.64
297,Crash,2004,112,7.7,66.0,427739,54.58
298,Star Wars: Episode VI - Return of the Jedi,1983,131,8.3,58.0,988611,309.13
299,The Sound of Music,1965,172,8.0,63.0,216438,163.21
300,Moneyball,2011,133,7.6,87.0,392636,75.61
301,Dallas Buyers Club,2013,117,8.0,79.0,462430,27.3
302,Capernaum,2018,126,8.4,75.0,76259,1.66
303,Children of Men,2006,109,7.9,84.0,480342,35.55
304,Birdman or (The Unexpected Virtue of Ignorance),2014,119,7.7,87.0,602290,42.34
305,Platoon,1986,120,8.1,92.0,396077,138.53
306,The Invisible Guest,2016,106,8.1,,161370,
307,Big Fish,2003,125,8.0,58.0,427950,66.26
308,Up,2009,96,8.2,88.0,978251,293.0
309,The Trial of the Chicago 7,2020,129,7.8,76.0,159158,
310,"Lock, Stock and Two Smoking Barrels",1998,107,8.2,66.0,556217,3.9
311,Finding Nemo,2003,100,8.1,90.0,986130,380.84
312,Gravity,2013,91,7.7,96.0,792819,274.09
313,Die Hard with a Vengeance,1995,128,7.6,58.0,374148,100.01
314,Night of the Living Dead,1968,96,7.9,89.0,122166,0.09
315,Back to the Future Part II,1989,108,7.8,57.0,502634,118.5
316,Manchester by the Sea,2016,137,7.8,96.0,262495,47.7
317,Minority Report,2002,145,7.6,80.0,527594,132.07
318,Breakfast at Tiffany's,1961,115,7.6,76.0,173094,
319,Citizen Kane,1941,119,8.3,100.0,423412,1.59
320,The Royal Tenenbaums,2001,110,7.6,76.0,277167,52.36
321,Rain Man,1988,133,8.0,65.0,490980,178.8
322,Once Upon a Time in the West,1968,165,8.5,80.0,315135,5.32
323,Dances with Wolves,1990,181,8.0,72.0,250956,184.21
324,The Sandlot,1993,101,7.8,55.0,84898,32.42
325,Despicable Me,2010,95,7.6,72.0,518187,251.51
326,Before Sunrise,1995,101,8.1,77.0,287762,5.54
327,Rear Window,1954,112,8.5,100.0,466677,36.76
328,Dark Waters,2019,126,7.6,73.0,74220,
329,Tangled,2010,100,7.7,71.0,424197,200.82
330,The Pursuit of Happyness,2006,117,8.0,64.0,474656,163.57
331,Blood Diamond,2006,143,8.0,64.0,520459,57.37
332,The Machinist,2004,101,7.7,61.0,371775,1.08
333,The Others,2001,104,7.6,74.0,351520,96.52
334,The Butterfly Effect,2004,113,7.6,30.0,467523,57.94
335,True Grit,2010,110,7.6,80.0,324026,171.24
336,The Deer Hunter,1978,183,8.1,86.0,325253,48.98
337,In the Mood for Love,2000,98,8.1,85.0,137335,2.73
338,A Few Good Men,1992,138,7.7,62.0,247821,141.34
339,Million Dollar Baby,2004,132,8.1,86.0,659130,100.49
340,X-Men: Days of Future Past,2014,132,7.9,75.0,680895,233.92
341,Mary Poppins,1964,139,7.8,88.0,163915,102.27
342,The French Connection,1971,104,7.7,94.0,116099,15.63
343,WALL·E,2008,98,8.4,95.0,1045207,223.81
344,Inside Man,2006,129,7.6,76.0,354842,88.51
345,The Lives of Others,2006,137,8.4,89.0,373557,11.29
346,Sense and Sensibility,1995,136,7.7,84.0,109530,43.18
347,Apollo 13,1995,140,7.6,77.0,281402,173.84
348,Star Trek Into Darkness,2013,132,7.7,72.0,472718,228.78
349,Fried Green Tomatoes,1991,130,7.7,64.0,70869,82.42
350,Kill Bill: Vol. 2,2004,137,8.0,83.0,715493,66.21
351,Scent of a Woman,1992,156,8.0,59.0,279372,63.9
352,End of Watch,2012,109,7.6,68.0,236244,41.0
353,Groundhog Day,1993,101,8.0,72.0,596606,70.91
354,The Peanut Butter Falcon,2019,97,7.6,70.0,82626,13.12
355,Y tu mamá también,2001,106,7.6,88.0,119495,13.62
356,The Last Samurai,2003,154,7.7,55.0,416465,111.11
357,Chinatown,1974,130,8.2,92.0,310235,8.49
358,Planet of the Apes,1968,112,8.0,79.0,172616,33.4
359,The Florida Project,2017,111,7.6,92.0,104044,5.9
360,Toy Story 4,2019,100,7.7,84.0,223819,434.04
361,Seven Samurai,1954,207,8.6,98.0,329721,0.27
362,Aladdin,1992,90,8.0,86.0,387741,217.35
363,3 Idiots,2009,170,8.4,67.0,368910,6.53
364,In Bruges,2008,107,7.9,67.0,403817,7.76
365,What's Eating Gilbert Grape,1993,118,7.7,73.0,225704,9.17
366,Gattaca,1997,106,7.8,64.0,290626,12.34
367,Slumdog Millionaire,2008,120,8.0,84.0,819072,141.32
368,Hell or High Water,2016,102,7.6,88.0,214946,26.86
369,500 Days of Summer,2009,95,7.7,76.0,489370,32.39
370,Frankenstein,1931,70,7.8,91.0,68717,
371,Deliverance,1972,109,7.7,80.0,103637,7.06
372,The Thin Red Line,1998,170,7.6,78.0,180564,36.4
373,Do the Right Thing,1989,120,8.0,93.0,96654,27.55
374,The Fault in Our Stars,2014,126,7.7,69.0,357935,124.87
375,Blazing Saddles,1974,93,7.7,73.0,131891,119.5
376,Vertigo,1958,128,8.3,100.0,383223,3.2
377,Isle of Dogs,2018,101,7.9,82.0,152002,32.02
378,The Count of Monte Cristo,2002,131,7.7,61.0,133340,54.23
379,Beasts of No Nation,2015,137,7.7,79.0,77809,0.08
380,The Skin I Live In,2011,120,7.6,70.0,145523,3.19
381,A Bronx Tale,1993,121,7.8,80.0,134415,17.27
382,When Harry Met Sally...,1989,95,7.6,76.0,206190,92.82
383,Big Hero 6,2014,102,7.8,74.0,430670,222.53
384,Mr. Nobody,2009,141,7.8,63.0,224594,0.0
385,Primal Fear,1996,129,7.7,47.0,200897,56.12
386,Serenity,2005,119,7.8,74.0,289477,25.51
387,Blue Velvet,1986,120,7.7,76.0,189611,8.55
388,Princess Mononoke,1997,134,8.4,76.0,366132,2.38
389,It's a Wonderful Life,1946,130,8.6,89.0,423264,
390,Downfall,2004,156,8.2,82.0,342395,5.51
391,Raging Bull,1980,129,8.2,89.0,336481,23.38
392,Dawn of the Dead,1978,127,7.9,71.0,116088,5.1
393,Searching,2018,102,7.6,71.0,152194,26.02
394,Rushmore,1998,93,7.7,86.0,176391,17.11
395,The Fugitive,1993,130,7.8,87.0,279833,183.88
396,Gone Baby Gone,2007,114,7.6,72.0,262826,20.3
397,Monty Python and the Holy Grail,1975,91,8.2,91.0,518670,1.23
398,How to Train Your Dragon,2010,98,8.1,75.0,695424,217.58
399,Dr. Strangelove or: How I Learned to Stop Worrying and Love the Bomb,1964,95,8.4,97.0,468636,0.28
400,Rio Bravo,1959,141,8.0,93.0,59276,12.54
401,First Blood,1982,93,7.7,61.0,238604,47.21
402,The Bourne Identity,2002,119,7.9,68.0,524756,121.66
403,Hunt for the Wilderpeople,2016,101,7.9,81.0,120992,5.2
404,After Hours,1985,97,7.7,90.0,64792,10.6
405,October Sky,1999,108,7.8,71.0,87127,32.48
406,Boyz n the Hood,1991,112,7.8,76.0,133329,57.5
407,Little Miss Sunshine,2006,101,7.8,80.0,455619,59.89
408,Grave of the Fireflies,1988,89,8.5,94.0,253768,
409,Who Framed Roger Rabbit,1988,104,7.7,83.0,191210,156.45
410,The Warriors,1979,92,7.6,65.0,98105,22.49
411,The Boondock Saints,1999,108,7.7,44.0,233108,0.03
412,Lawrence of Arabia,1962,228,8.3,100.0,280112,44.82
413,The Elephant Man,1980,124,8.1,78.0,231049,
414,To Kill a Mockingbird,1962,129,8.3,88.0,304841,
415,Mad Max 2,1981,96,7.6,77.0,172985,12.47
416,Beauty and the Beast,1991,84,8.0,95.0,428970,218.97
417,The Girl with the Dragon Tattoo,2009,152,7.8,76.0,212701,10.1
418,Dirty Harry,1971,102,7.7,87.0,149541,35.9
419,Walk the Line,2005,136,7.8,72.0,241970,119.52
420,Lion,2016,118,8.0,69.0,225145,51.74
421,The Theory of Everything,2014,123,7.7,71.0,424754,35.89
422,Dark City,1998,100,7.6,66.0,193981,14.38
423,Mulan,1998,88,7.6,71.0,269407,120.62
424,Incredibles 2,2018,118,7.6,80.0,269977,608.58
425,The Bride of Frankenstein,1935,75,7.8,95.0,45913,4.36
426,Freaks,1932,64,7.9,80.0,44244,
427,The Lego Movie,2014,100,7.7,83.0,335685,257.76
428,The Outlaw Josey Wales,1976,135,7.8,69.0,70029,31.8
429,Life of Pi,2012,127,7.9,79.0,601231,124.99
430,Papillon,1973,151,8.0,58.0,126563,53.27
431,"O Brother, Where Art Thou?",2000,107,7.7,69.0,298762,45.51
432,Butch Cassidy and the Sundance Kid,1969,110,8.0,66.0,209356,102.31
433,Creed,2015,133,7.6,82.0,259121,109.77
434,Lethal Weapon,1987,109,7.6,68.0,246493,65.21
435,La Haine,1995,98,8.1,,160808,0.31
436,In a Lonely Place,1950,94,8.0,,29230,
437,Andhadhun,2018,139,8.2,,83313,1.37
438,A Silent Voice: The Movie,2016,130,8.2,78.0,64073,
439,Harold and Maude,1971,91,7.9,62.0,75028,
440,Stalker,1979,162,8.1,,126557,0.23
441,Wreck-It Ralph,2012,101,7.7,72.0,397107,189.42
442,Moon,2009,97,7.8,67.0,346165,5.01
443,Straight Outta Compton,2015,147,7.8,72.0,189170,161.2
444,Metropolis,1927,153,8.3,98.0,167175,1.24
445,Witness for the Prosecution,1957,116,8.4,,116939,8.18
446,Seven Pounds,2008,123,7.6,36.0,294277,69.95
447,Let the Right One In,2008,114,7.9,82.0,210563,2.12
448,Captain Phillips,2013,134,7.8,82.0,438787,107.1
449,The King's Speech,2010,118,8.0,88.0,657413,138.8
450,The Holy Mountain,1973,114,7.9,76.0,40141,0.06
451,The Fighter,2010,116,7.8,79.0,352044,93.62
452,Gifted,2017,101,7.6,60.0,108004,24.8
453,North by Northwest,1959,136,8.3,98.0,312880,13.28
454,Being There,1979,130,8.0,83.0,69967,30.18
455,Changeling,2008,141,7.7,63.0,247078,35.74
456,The Day of the Jackal,1973,143,7.8,80.0,39288,16.06
457,Some Like It Hot,1959,121,8.2,98.0,254999,25.0
458,Das Boot,1981,149,8.3,86.0,241133,11.49
459,Nosferatu,1922,94,7.9,,92583,
460,"Crouching Tiger, Hidden Dragon",2000,120,7.8,94.0,261154,128.08
461,Ed Wood,1994,127,7.8,70.0,170971,5.89
462,Sunset Blvd.,1950,110,8.4,,211673,
463,Kung Fu Hustle,2004,99,7.7,78.0,133134,17.11
464,A Fistful of Dollars,1964,99,8.0,65.0,207338,14.5
465,My Neighbor Totoro,1988,86,8.2,86.0,312121,1.11
466,Toy Story 3,2010,103,8.2,92.0,788033,415.0
467,Awakenings,1990,121,7.8,74.0,133125,52.1
468,Cinema Paradiso,1988,155,8.5,80.0,246135,11.99
469,Boyhood,2014,165,7.9,100.0,344963,25.38
470,Flipped,2010,90,7.7,45.0,86649,1.75
471,Brazil,1985,132,7.9,84.0,195059,9.93
472,The Raid: Redemption,2011,101,7.6,73.0,197295,4.11
473,My Fair Lady,1964,170,7.8,95.0,90947,72.0
474,The Fall,2006,117,7.9,64.0,109803,2.28
475,Akira,1988,124,8.0,,174627,0.55
476,Singin' in the Rain,1952,103,8.3,99.0,229209,8.82
477,3:10 to Yuma,2007,122,7.7,76.0,298488,53.61
478,Malcolm X,1992,202,7.7,73.0,90462,48.17
479,For a Few Dollars More,1965,132,8.2,74.0,244097,15.0
480,The Secret in Their Eyes,2009,129,8.2,80.0,201545,6.39
481,Dangal,2016,161,8.4,,172070,12.39
482,Close Encounters of the Third Kind,1977,138,7.6,90.0,192462,132.09
483,Sling Blade,1996,135,8.0,84.0,91425,24.48
484,Match Point,2005,124,7.6,72.0,212227,23.09
485,Wild Tales,2014,122,8.1,77.0,187409,3.11
486,The Seventh Seal,1957,96,8.2,88.0,175922,
487,Dogville,2003,178,8.0,60.0,143771,1.53
488,Perfect Blue,1997,81,8.0,,66188,0.78
489,The Ten Commandments,1956,220,7.9,,67324,93.74
490,Chungking Express,1994,102,8.1,78.0,72087,0.6
491,God's Own Country,2017,104,7.7,85.0,28145,0.34
492,The Great Escape,1963,172,8.2,86.0,234280,12.1
493,Roma,2018,135,7.7,96.0,148865,
494,Before Midnight,2013,109,7.9,94.0,149116,8.11
495,M,1931,99,8.3,,150977,0.03
496,Eastern Promises,2007,100,7.6,82.0,234985,17.11
497,This Is Spinal Tap,1984,82,7.9,92.0,134959,4.74
498,Before Sunset,2004,80,8.1,90.0,248644,5.82
499,"Spring, Summer, Fall, Winter... and Spring",2003,103,8.0,85.0,80409,2.38
500,Empire of the Sun,1987,153,7.7,62.0,120478,22.24
501,Dog Day Afternoon,1975,125,8.0,86.0,246401,50.0
502,Ghost in the Shell,1995,83,8.0,76.0,136068,0.52
503,Donnie Brasco,1997,127,7.7,76.0,291956,41.91
504,Rebecca,1940,130,8.1,86.0,131369,4.36
505,"Paris, Texas",1984,145,8.1,78.0,99504,2.18
506,Rebel Without a Cause,1955,111,7.7,89.0,87077,
507,The Sting,1973,129,8.3,83.0,251138,159.6
508,Toy Story 2,1999,92,7.9,88.0,549499,245.85
509,Ben-Hur,1959,212,8.1,90.0,229032,74.7
510,Monty Python's Life of Brian,1979,94,8.1,77.0,382276,20.05
511,This Is England,2006,101,7.7,86.0,118955,0.33
512,JFK,1991,189,8.0,72.0,148796,70.41
513,The Iron Giant,1999,86,8.0,85.0,181228,23.16
514,Spartacus,1960,197,7.9,87.0,130130,30.0
515,Lost Highway,1997,134,7.6,52.0,136635,3.8
516,The Jungle Book,1967,78,7.6,65.0,172966,141.84
517,Annie Hall,1977,93,8.0,92.0,258457,39.2
518,Gandhi,1982,191,8.0,79.0,223855,52.77
519,Network,1976,121,8.1,83.0,152703,
520,The Innocents,1961,100,7.8,88.0,28733,2.62
521,The Man from Earth,2007,87,7.9,,181167,
522,Billy Elliot,2000,110,7.7,74.0,130697,22.0
523,Midnight Cowboy,1969,113,7.8,79.0,106689,44.79
524,Only the Brave,2017,134,7.6,72.0,63884,18.34
525,Star Trek II: The Wrath of Khan,1982,113,7.7,67.0,116750,78.91
526,Philadelphia,1993,125,7.7,66.0,232534,77.32
527,Kiki's Delivery Service,1989,103,7.9,83.0,133669,
528,Clerks,1994,92,7.7,70.0,216692,3.15
529,The Bourne Ultimatum,2007,115,8.0,85.0,617196,227.47
530,Tumbbad,2018,104,8.3,,37264,
531,Doctor Zhivago,1965,197,8.0,69.0,72936,111.72
532,The Last Picture Show,1971,118,8.0,93.0,45184,29.13
533,The Insider,1999,157,7.8,84.0,166296,28.97
534,The Wrestler,2008,109,7.9,80.0,297215,26.24
535,The Conversation,1974,113,7.8,85.0,106035,4.42
536,La Strada,1954,108,8.0,,60930,
537,Klaus,2019,96,8.2,65.0,120507,
538,Fallen Angels,1995,99,7.7,71.0,33120,
539,Cool Hand Luke,1967,127,8.1,92.0,170421,16.22
540,Mother,2009,129,7.8,79.0,58792,0.55
541,Hachi: A Dog's Tale,2009,93,8.1,,267383,
542,Ip Man,2008,106,8.0,59.0,217504,
543,21 Grams,2003,124,7.6,70.0,230993,16.29
544,Hara-Kiri,1962,133,8.6,85.0,49509,
545,All the President's Men,1976,138,8.0,84.0,109743,70.6
546,The Invisible Man,1933,71,7.7,87.0,32812,
547,The Magnificent Seven,1960,128,7.7,74.0,91563,4.91
548,Being John Malkovich,1999,113,7.7,90.0,323733,22.86
549,Adaptation.,2002,115,7.7,83.0,186420,22.25
550,Glory,1989,122,7.8,78.0,130031,26.83
551,The Apartment,1960,125,8.3,94.0,172587,18.6
552,The Bourne Supremacy,2004,108,7.7,73.0,447108,176.24
553,Serpico,1973,130,7.7,87.0,117067,29.8
554,Breathless,1960,90,7.8,,77478,0.34
555,Wolfwalkers,2020,103,8.1,87.0,25893,
556,Hero,2002,120,7.9,85.0,177780,53.71
557,Glengarry Glen Ross,1992,100,7.7,82.0,101045,10.73
558,Cinderella Man,2005,144,8.0,69.0,181698,61.65
559,Infernal Affairs,2002,101,8.0,75.0,121495,0.17
560,High Noon,1952,85,8.0,89.0,100985,9.45
561,Ran,1985,162,8.2,96.0,119758,4.14
562,The Name of the Rose,1986,130,7.7,54.0,105357,7.15
563,The Bridges of Madison County,1995,135,7.6,69.0,77212,71.52
564,Love's a Bitch,2000,154,8.1,83.0,232484,5.38
565,The Searchers,1956,119,7.9,94.0,85473,
566,The Maltese Falcon,1941,100,8.0,97.0,153680,2.11
567,Neon Genesis Evangelion: The End of Evangelion,1997,87,8.1,,46910,
568,The Man from Nowhere,2010,119,7.8,,66416,0.01
569,Patton,1970,172,7.9,91.0,98814,61.7
570,I Am Sam,2001,132,7.6,28.0,146914,40.31
571,The Artist,2011,100,7.9,89.0,236210,44.67
572,The Remains of the Day,1993,134,7.8,86.0,70141,22.95
573,A Separation,2011,123,8.3,95.0,232589,7.1
574,Z,1969,127,8.3,86.0,25692,0.08
575,Mississippi Burning,1988,128,7.8,65.0,94947,34.6
576,Naked,1993,131,7.8,84.0,37153,1.77
577,The Color Purple,1985,154,7.8,78.0,82513,98.47
578,The Great Beauty,2013,141,7.8,86.0,84724,2.85
579,"Blood In, Blood Out",1993,180,8.0,47.0,30062,4.5
580,Paths of Glory,1957,88,8.4,90.0,187653,
581,Black Book,2006,145,7.7,71.0,74791,4.4
582,Bonnie and Clyde,1967,111,7.8,86.0,108383,
583,Belle de Jour,1967,100,7.7,,42472,0.03
584,The Naked Gun: From the Files of Police Squad!,1988,85,7.6,76.0,160768,78.76
585,Persona,1966,83,8.1,86.0,111114,
586,Lucky Number Slevin,2006,110,7.7,53.0,306202,22.49
587,Raatchasan,2018,170,8.4,,35186,
588,King Kong,1933,100,7.9,90.0,82686,10.0
589,Anatomy of a Murder,1959,161,8.0,95.0,63519,11.9
590,Mommy,2014,139,8.1,74.0,53983,3.49
591,The Chaser,2008,125,7.8,64.0,62373,
592,Double Indemnity,1944,107,8.3,95.0,150368,5.72
593,A Streetcar Named Desire,1951,122,8.0,97.0,104290,8.0
594,In the Name of the Father,1993,133,8.1,84.0,166383,25.01
595,Ponyo,2008,101,7.7,86.0,133677,15.09
596,Once,2007,86,7.8,88.0,113635,9.44
597,Paddington 2,2017,103,7.8,88.0,68106,40.44
598,The Best Offer,2013,131,7.8,49.0,113534,0.09
599,What Ever Happened to Baby Jane?,1962,134,8.1,75.0,52972,4.05
600,Solaris,1972,167,8.1,90.0,86974,
601,The Cabinet of Dr. Caligari,1920,67,8.1,,60555,
602,Me and Earl and the Dying Girl,2015,105,7.7,74.0,127470,6.74
603,Miller's Crossing,1990,115,7.7,66.0,131155,5.08
604,Blood Simple,1984,99,7.6,83.0,92329,2.15
605,The Straight Story,1999,112,8.0,86.0,87196,6.2
606,How to Train Your Dragon 2,2014,102,7.8,76.0,317639,177.0
607,Enter the Dragon,1973,102,7.7,83.0,101063,25.0
608,Shoplifters,2018,121,7.9,93.0,70080,3.31
609,Where Eagles Dare,1968,158,7.6,63.0,55669,
610,Fanny and Alexander,1982,188,8.1,100.0,60983,4.97
611,The Taking of Pelham One Two Three,1974,104,7.7,68.0,29002,2.49
612,The Last King of Scotland,2006,123,7.7,74.0,181220,17.61
613,Nausicaä of the Valley of the Wind,1984,117,8.1,86.0,160471,0.5
614,Sing Street,2016,106,7.9,79.0,89515,3.24
615,From Here to Eternity,1953,118,7.6,85.0,45330,30.5
616,Ordinary People,1980,124,7.7,86.0,49638,54.8
617,On the Waterfront,1954,108,8.1,91.0,148834,9.6
618,Togo,2019,113,8.0,69.0,43365,
619,Castle in the Sky,1986,125,8.0,78.0,157859,
620,Hotel Rwanda,2004,121,8.1,79.0,344118,23.53
621,Dancer in the Dark,2000,140,8.0,61.0,106125,4.18
622,Laura,1944,88,8.0,,44930,4.36
623,The Bridge on the River Kwai,1957,161,8.1,87.0,211669,44.91
624,Finding Neverland,2004,106,7.7,67.0,202586,51.68
625,Charade,1963,113,7.9,83.0,73110,13.47
626,Short Term 12,2013,96,8.0,82.0,85170,1.01
627,Like Stars on Earth,2007,165,8.4,,181259,1.22
628,Eyes Without a Face,1960,90,7.7,90.0,29632,0.05
629,Cowboy Bebop: The Movie,2001,115,7.9,61.0,45326,1.0
630,A Christmas Story,1983,93,7.9,77.0,137042,20.61
631,The Third Man,1949,93,8.1,97.0,165494,0.45
632,The Right Stuff,1983,193,7.8,91.0,59600,21.5
633,Roman Holiday,1953,118,8.0,78.0,133589,
634,Ray,2004,152,7.7,73.0,143166,75.33
635,The Body,2012,112,7.6,,62022,
636,Happiness,1998,134,7.7,81.0,68467,2.81
637,Dial M for Murder,1954,105,8.2,75.0,167202,0.01
638,8½,1963,138,8.0,91.0,113757,0.05
639,The Last Emperor,1987,163,7.7,76.0,98819,43.98
640,The Raid 2,2014,150,8.0,71.0,118803,2.63
641,Rashomon,1950,88,8.2,98.0,160519,0.1
642,50/50,2011,100,7.6,72.0,322597,35.01
643,Detachment,2011,98,7.7,52.0,80828,0.07
644,Sympathy for Mr. Vengeance,2002,129,7.6,56.0,65882,0.05
645,The Wild Bunch,1969,135,7.9,97.0,81780,12.06
646,Kramer vs. Kramer,1979,105,7.8,77.0,139293,106.26
647,Fiddler on the Roof,1971,181,8.0,67.0,41464,80.5
648,Rope,1948,80,8.0,73.0,136494,
649,Paprika,2006,90,7.7,81.0,77057,0.88
650,Pride,2014,119,7.8,79.0,54421,
651,Withnail & I,1987,107,7.6,84.0,42302,1.54
652,Gangs of Wasseypur,2012,321,8.2,89.0,90006,
653,Cabaret,1972,124,7.8,80.0,52158,42.77
654,The Wind Rises,2013,126,7.8,83.0,79347,5.21
655,Pink Floyd: The Wall,1982,95,8.0,47.0,78674,22.24
656,Escape from Alcatraz,1979,112,7.6,76.0,127598,43.0
657,Nebraska,2013,115,7.7,87.0,115401,17.65
658,Kelly's Heroes,1970,144,7.6,50.0,47412,1.38
659,Uri: The Surgical Strike,2019,138,8.3,,52108,4.19
660,Barton Fink,1991,116,7.7,69.0,117212,6.15
661,Talk to Her,2002,112,7.9,86.0,108916,9.28
662,Hedwig and the Angry Inch,2001,95,7.7,85.0,34569,3.03
663,Baahubali: The Beginning,2015,159,8.0,,108734,6.74
664,The Dirty Dozen,1967,150,7.7,73.0,70094,45.3
665,Giant,1956,201,7.6,84.0,37137,
666,Three Colors: Red,1994,99,8.1,100.0,98278,4.04
667,Invasion of the Body Snatchers,1956,80,7.7,92.0,47265,
668,The Night of the Hunter,1955,92,8.0,99.0,85747,0.65
669,The Celebration,1998,105,8.1,82.0,83602,1.65
670,Letters from Iwo Jima,2006,141,7.9,89.0,158375,13.76
671,The Longest Day,1962,178,7.8,75.0,53989,39.1
672,The King of Comedy,1982,109,7.8,73.0,96582,2.5
673,Open Your Eyes,1997,119,7.7,,67465,0.37
674,Loving Vincent,2017,94,7.8,62.0,54424,6.74
675,Badlands,1973,94,7.8,93.0,69911,
676,Modern Times,1936,87,8.5,96.0,229333,0.16
677,Wings of Desire,1987,128,8.0,79.0,68140,3.33
678,The Day the Earth Stood Still,1951,92,7.7,,79673,
679,25th Hour,2002,135,7.6,68.0,174903,13.06
680,Three Colors: Blue,1993,94,7.9,85.0,96639,1.32
681,The Quiet Man,1952,129,7.8,,36735,10.55
682,Strangers on a Train,1951,101,8.0,88.0,129629,7.63
683,All That Jazz,1979,123,7.9,72.0,29909,37.82
684,Stagecoach,1939,96,7.9,93.0,46353,
685,The Sweet Life,1960,174,8.0,95.0,70070,19.52
686,The Tenant,1976,126,7.7,71.0,42166,1.92
687,The Manchurian Candidate,1962,126,7.9,94.0,73647,
688,Run Lola Run,1998,80,7.7,77.0,194122,7.27
689,Hamlet,1996,242,7.7,,37158,4.41
690,PK,2014,153,8.1,,172858,10.62
691,Sabrina,1954,113,7.7,72.0,62215,
692,My Left Foot,1989,103,7.9,97.0,71422,14.74
693,Days of Heaven,1978,94,7.8,93.0,55701,
694,Mary and Max,2009,92,8.1,,170913,
695,The Great Dictator,1940,125,8.4,,213725,0.29
696,Amour,2012,127,7.9,94.0,96740,6.74
697,Perfect Strangers,2016,96,7.8,,60937,
698,The Killing,1956,84,8.0,91.0,85979,
699,Paper Moon,1973,102,8.1,77.0,44708,30.93
700,In the Heat of the Night,1967,110,7.9,75.0,71071,24.38
701,Kubo and the Two Strings,2016,101,7.8,84.0,123485,48.02
702,Hannah and Her Sisters,1986,107,7.9,90.0,69572,40.08
703,Miracle in Cell No. 7,2019,132,8.2,,42808,
704,The Man Who Would Be King,1975,129,7.8,91.0,47173,
705,Bicycle Thieves,1948,89,8.3,,156080,0.33
706,Good Bye Lenin!,2003,121,7.7,68.0,141943,4.06
707,Notorious,1946,102,8.0,100.0,97507,10.46
708,Mirror,1975,107,8.1,80.0,43539,0.18
709,The Long Goodbye,1973,112,7.6,87.0,28829,0.96
710,Whisper of the Heart,1995,111,7.9,75.0,57200,
711,"South Park: Bigger, Longer & Uncut",1999,81,7.7,73.0,198569,52.04
712,The African Queen,1951,105,7.8,91.0,76055,0.54
713,Land of Mine,2015,100,7.8,75.0,38662,0.44
714,Repulsion,1965,105,7.7,91.0,51257,
715,Control,2007,122,7.7,78.0,63484,0.87
716,Wait Until Dark,1967,108,7.8,81.0,29310,17.55
717,Judgment at Nuremberg,1961,179,8.2,60.0,73927,
718,The Hustler,1961,134,8.0,90.0,79417,8.28
719,A Little Princess,1995,97,7.7,83.0,33439,10.02
720,The Killing Fields,1984,141,7.8,76.0,53853,34.7
721,Yojimbo,1961,110,8.2,93.0,117553,
722,Mysterious Skin,2004,105,7.6,73.0,67639,0.7
723,Manhattan,1979,96,7.9,83.0,136668,45.7
724,Dead Man's Shoes,2004,90,7.6,52.0,51757,0.01
725,Gaslight,1944,114,7.8,,26627,
726,Ikiru,1952,143,8.3,,73933,0.06
727,Philomena,2013,98,7.6,77.0,97256,37.71
728,Nights of Cabiria,1957,110,8.1,,46229,0.75
729,The Treasure of the Sierra Madre,1948,126,8.2,98.0,119952,5.01
730,The Legend of 1900,1998,169,8.1,58.0,61642,0.26
731,Happy Together,1997,96,7.7,70.0,25923,0.19
732,The White Ribbon,2009,144,7.8,82.0,71215,2.22
733,The Big Sleep,1946,114,7.9,,82863,6.54
734,The Station Agent,2003,89,7.6,81.0,69018,5.74
735,It Happened One Night,1934,105,8.1,87.0,99093,4.36
736,Victoria,2015,138,7.6,77.0,56040,
737,Short Cuts,1993,188,7.7,79.0,43767,6.11
738,The Vanishing,1988,107,7.7,,37029,
739,The Man Who Shot Liberty Valance,1962,123,8.1,94.0,72716,
740,The Muppet Movie,1979,95,7.6,74.0,34550,76.66
741,Chhichhore,2019,143,8.3,,44542,0.9
742,Fantasia,1940,125,7.7,96.0,92091,76.41
743,City Lights,1931,87,8.5,99.0,176440,0.02
744,The Exterminating Angel,1962,95,8.1,,31862,
745,Arsenic and Old Lace,1943,118,8.0,,68600,
746,All About My Mother,1999,101,7.9,87.0,93096,8.26
747,The 400 Blows,1959,99,8.1,,111732,
748,Who's Afraid of Virginia Woolf?,1966,131,8.0,75.0,72880,
749,Waking Life,2001,99,7.8,83.0,62536,2.89
750,Watership Down,1978,91,7.6,64.0,35240,
751,Touch of Evil,1958,95,8.0,99.0,101703,2.24
752,High and Low,1963,143,8.4,,39894,
753,Autumn Sonata,1978,99,8.2,,31518,
754,The Double Life of Véronique,1991,98,7.8,86.0,45593,2.0
755,Confessions,2010,106,7.7,,37495,
756,The Motorcycle Diaries,2004,126,7.8,75.0,99266,16.76
757,Breaking the Waves,1996,159,7.8,76.0,64820,4.04
758,The Lion in Winter,1968,134,7.9,,30403,22.28
759,Diabolique,1955,117,8.1,,64018,
760,The World's Fastest Indian,2005,127,7.8,68.0,53470,5.13
761,Peeping Tom,1960,101,7.7,,33490,0.08
762,3-Iron,2004,88,8.0,72.0,53120,0.24
763,Mr. Smith Goes to Washington,1939,129,8.1,73.0,111653,9.6
764,Wild Strawberries,1957,91,8.2,88.0,102449,
765,A Man Called Ove,2015,116,7.7,70.0,51029,3.36
766,Porco Rosso,1992,94,7.7,83.0,83518,
767,Night on Earth,1991,129,7.7,68.0,58108,2.02
768,Once Were Warriors,1994,102,7.9,77.0,32869,2.2
769,East of Eden,1955,118,7.9,72.0,43711,
770,Children of Heaven,1997,89,8.3,77.0,70569,0.93
771,A Prophet,2009,155,7.9,90.0,96418,2.08
772,The Wave,2008,107,7.6,,105953,
773,Key Largo,1948,100,7.8,,39097,
774,The Sea Inside,2004,126,8.0,74.0,79861,2.09
775,All Quiet on the Western Front,1930,152,8.1,91.0,59467,3.27
776,Adam's Apples,2005,94,7.8,51.0,48372,0.0
777,Zulu,1964,138,7.7,77.0,37765,
778,Tokyo Story,1953,136,8.2,,57841,
779,"I, Daniel Blake",2016,100,7.9,78.0,57144,0.26
780,Ninja Scroll,1993,94,7.9,,36035,
781,A Man for All Seasons,1966,120,7.7,72.0,33322,28.35
782,Rififi,1955,118,8.1,97.0,32709,0.06
783,Underground,1995,167,8.1,79.0,57021,0.17
784,The Kid,1921,68,8.3,,120482,5.45
785,The Grapes of Wrath,1940,129,8.1,96.0,89614,0.06
786,The Verdict,1982,129,7.7,77.0,38180,54.0
787,Pink,2016,136,8.1,,42563,1.24
788,The Diving Bell and the Butterfly,2007,112,8.0,92.0,105754,5.99
789,Song of the Sea,2014,93,8.1,85.0,55421,0.86
790,The Philadelphia Story,1940,112,7.9,96.0,66403,
791,Scarface,1932,93,7.8,87.0,26899,
792,To Be or Not to Be,1942,99,8.2,86.0,33941,
793,The Battle of Algiers,1966,121,8.1,96.0,57004,0.06
794,The Best Years of Our Lives,1946,170,8.1,93.0,61080,23.65
795,Out of the Past,1947,97,8.0,,35085,
796,Fantastic Planet,1973,72,7.8,73.0,28288,0.19
797,Secrets & Lies,1996,136,8.0,91.0,41363,13.42
798,"Aguirre, the Wrath of God",1972,95,7.9,,54916,
799,To Have and Have Not,1944,100,7.8,90.0,32977,
800,The Red Shoes,1948,135,8.1,,33100,10.9
801,Lilya 4-Ever,2002,109,7.8,82.0,44352,0.18
802,Dara of Jasenovac,2020,130,8.8,,79509,
803,Pather Panchali,1955,125,8.5,,28736,0.54
804,Guess Who's Coming to Dinner,1967,108,7.8,63.0,42232,56.7
805,"Duck, You Sucker!",1971,138,7.6,77.0,33214,0.7
806,When Marnie Was There,2014,103,7.7,72.0,36605,0.77
807,The Tale of The Princess Kaguya,2013,137,8.0,89.0,42655,1.51
808,Le Samouraï,1967,101,8.1,,48567,0.04
809,The Odd Couple,1968,105,7.7,86.0,33507,44.53
810,Hard Boiled,1992,128,7.8,,48776,
811,The Lady Vanishes,1938,96,7.8,98.0,50306,
812,Andrei Rublev,1966,205,8.1,,50992,0.1
813,Bajrangi Bhaijaan,2015,163,8.0,,81085,8.18
814,Celda 211,2009,113,7.6,,65905,
815,Leviathan,2014,140,7.6,92.0,51606,1.09
816,Sweet Smell of Success,1957,96,8.0,100.0,30171,
817,The Adventures of Robin Hood,1938,102,7.9,97.0,49246,3.98
818,A Hard Day's Night,1964,87,7.6,96.0,43316,13.78
819,Loveless,2017,127,7.6,86.0,31736,0.57
820,Zindagi Na Milegi Dobara,2011,155,8.2,,73091,3.11
821,Shine,1996,105,7.7,87.0,52981,35.81
822,A Very Long Engagement,2004,133,7.6,76.0,72344,6.17
823,The Experiment,2001,120,7.7,60.0,92502,0.14
824,Elite Squad,2007,115,8.0,33.0,100860,0.01
825,Three Colors: White,1994,92,7.6,88.0,69769,1.46
826,Badla,2019,118,7.8,,25609,
827,The Conformist,1970,113,8.0,100.0,29011,0.54
828,Kagemusha,1980,162,8.0,84.0,34273,
829,The 39 Steps,1935,86,7.6,93.0,54664,
830,The Killer,1989,111,7.8,82.0,47184,
831,The Asphalt Jungle,1950,112,7.9,,25474,
832,Joint Security Area,2000,110,7.8,58.0,28413,
833,Shadow of a Doubt,1943,108,7.8,94.0,62749,
834,The Message,1976,177,8.2,,45779,
835,The General,1926,67,8.1,,87043,1.03
836,The Discreet Charm of the Bourgeoisie,1972,102,7.9,93.0,41104,0.2
837,The Sacrifice,1986,149,8.0,,26689,0.3
838,The Wages of Fear,1953,131,8.1,85.0,58367,
839,His Girl Friday,1940,92,7.9,,56230,0.3
840,Cat on a Hot Tin Roof,1958,108,8.0,84.0,47462,17.57
841,Fitzcarraldo,1982,158,8.1,,33455,
842,Bringing Up Baby,1938,102,7.9,91.0,59098,
843,The Umbrellas of Cherbourg,1964,91,7.8,86.0,25667,0.03
844,Persepolis,2007,96,8.0,90.0,91890,4.45
845,The Passion of Joan of Arc,1928,114,8.1,,51602,0.02
846,Red River,1948,133,7.8,,29794,
847,Soorarai Pottru,2020,153,9.1,,90442,
848,My Name Is Khan,2010,165,8.0,50.0,102858,4.02
849,Cape Fear,1962,106,7.7,76.0,27859,
850,Ayla: The Daughter of War,2017,125,8.4,,37166,
851,Winter Sleep,2014,196,8.1,88.0,49570,0.17
852,Frost/Nixon,2008,122,7.7,80.0,105933,18.59
853,The Hidden Fortress,1958,126,8.1,89.0,37383,
854,In a Better World,2010,118,7.6,65.0,39437,1.01
855,The Little Prince,2015,108,7.7,70.0,59427,1.34
856,Batman: Mask of the Phantasm,1993,76,7.8,,46784,5.62
857,Brief Encounter,1945,86,8.0,92.0,38166,
858,Miracle on 34th Street,1947,96,7.9,88.0,44151,2.65
859,My Sassy Girl,2001,137,8.0,,46873,
860,Amarcord,1973,123,7.9,,41836,0.58
861,Farewell My Concubine,1993,171,8.1,83.0,26786,5.22
862,Kal Ho Naa Ho,2003,186,7.9,54.0,66387,1.79
863,The Thin Man,1934,91,8.0,86.0,28150,
864,Sherlock Jr.,1924,45,8.2,,46187,0.98
865,Sunrise,1927,94,8.1,,49677,0.54
866,The Magdalene Sisters,2002,114,7.7,83.0,26722,4.89
867,Head-On,2004,121,7.9,78.0,52874,
868,Gilda,1946,110,7.6,,30977,
869,Cries & Whispers,1972,91,8.1,,32459,1.74
870,The Return,2003,110,8.0,82.0,44291,0.5
871,The Secret of Kells,2009,75,7.6,81.0,33896,0.69
872,Interstate 60: Episodes of the Road,2002,116,7.7,,31231,
873,Battleship Potemkin,1925,66,8.0,97.0,55605,0.05
874,Down by Law,1986,107,7.7,75.0,50004,1.44
875,Nobody Knows,2004,141,8.1,88.0,26438,0.68
876,Harvey,1950,104,7.9,,54196,
877,Stalag 17,1953,120,8.0,84.0,54129,
878,L'Avventura,1960,144,7.9,,28239,
879,Raise the Red Lantern,1991,125,8.1,,31256,2.6
880,The Postman,1994,108,7.7,81.0,35160,21.85
881,The Lunchbox,2013,104,7.8,76.0,53402,4.23
882,Taste of Cherry,1997,95,7.8,80.0,27465,0.31
883,Wolf Children,2012,117,8.1,71.0,41859,
884,Sleuth,1972,138,8.0,,46487,4.08
885,"Black Cat, White Cat",1998,127,8.1,73.0,52471,0.35
886,The Chorus,2004,97,7.9,56.0,59638,3.64
887,Nostalghia,1983,125,8.1,,25468,0.01
888,Lagaan: Once Upon a Time in India,2001,224,8.1,84.0,109537,0.07
889,The Gold Rush,1925,95,8.2,,106727,5.45
890,Ace in the Hole,1951,111,8.1,72.0,34005,3.97
891,The Ladykillers,1955,91,7.7,91.0,28210,
892,The Salesman,2016,124,7.7,85.0,56386,2.4
893,Throne of Blood,1957,110,8.1,,49850,
894,Super 30,2019,154,8.0,,26927,2.27
895,In America,2002,105,7.7,76.0,42485,15.54
896,Vampire Hunter D: Bloodlust,2000,103,7.7,62.0,30635,0.15
897,After the Wedding,2006,120,7.7,78.0,33625,0.41
898,The Bandit,1996,128,8.2,,67853,
899,Au Revoir les Enfants,1987,104,8.0,88.0,32671,4.54
900,Time of the Gypsies,1988,142,8.2,,29543,0.28
901,Vivre Sa Vie,1962,85,8.0,,30086,
902,Crimes and Misdemeanors,1989,104,7.9,77.0,56567,18.25
903,Departures,2008,130,8.1,68.0,50400,1.5
904,Only Yesterday,1991,118,7.6,90.0,29704,0.45
905,The Broken Circle Breakdown,2012,111,7.7,70.0,40415,0.18
906,Ivan's Childhood,1962,95,8.1,,34426,
907,Haider,2014,160,8.1,,52368,0.9
908,Tae Guk Gi: The Brotherhood of War,2004,140,8.0,64.0,38884,1.11
909,K.G.F: Chapter 1,2018,156,8.3,,47889,
910,Article 15,2019,130,8.2,,27816,
911,Duck Soup,1933,69,7.8,93.0,58810,
912,The Purple Rose of Cairo,1985,82,7.7,75.0,50076,10.63
913,Inherit the Wind,1960,128,8.1,75.0,29094,
914,Rockstar,2011,159,7.7,,42096,0.99
915,Vikram Vedha,2017,147,8.3,,33722,
916,"4 Months, 3 Weeks and 2 Days",2007,113,7.9,97.0,58598,1.19
917,Evil,2003,113,7.8,61.0,36815,0.02
918,The Muppet Christmas Carol,1992,85,7.7,64.0,51982,27.28
919,Drishyam,2015,163,8.2,,76957,0.74
920,M.S. Dhoni: The Untold Story,2016,184,7.9,,47982,1.78
921,Darbareye Elly,2009,119,8.0,87.0,50167,0.11
922,Tokyo Godfathers,2003,92,7.8,73.0,34589,0.13
923,Kind Hearts and Coronets,1949,106,8.0,,36174,
924,The Shop Around the Corner,1940,99,8.1,96.0,30258,0.2
925,My Father and My Son,2005,112,8.2,,83298,
926,The Caine Mutiny,1954,124,7.7,63.0,26784,21.75
927,Jules and Jim,1962,105,7.8,97.0,39708,
928,Dreams,1990,119,7.8,,25324,1.96
929,A Night at the Opera,1935,96,7.9,,31851,2.54
930,Hiroshima Mon Amour,1959,90,7.9,,30210,0.09
931,Badhaai Ho,2018,124,8.0,,31309,
932,Millennium Actress,2001,87,7.9,70.0,25735,0.19
933,The Rules of the Game,1939,110,8.0,,27977,
934,The Girl Who Leapt Through Time,2006,98,7.7,,63348,
935,Barfi!,2012,151,8.1,,78964,2.8
936,Lupin III: The Castle of Cagliostro,1979,102,7.6,72.0,29073,
937,The Triplets of Belleville,2003,80,7.8,91.0,53264,7.0
938,The Lost Weekend,1945,101,7.9,,35492,9.46
939,Baby,2015,159,8.0,,55542,
940,Queen,2013,146,8.2,,63766,1.43
941,Fireworks,1997,103,7.8,,29298,0.23
942,Lifeboat,1944,97,7.6,78.0,27826,
943,Once Upon a Time in Anatolia,2011,157,7.9,82.0,44585,0.14
944,Talvar,2015,132,8.2,,33419,0.34
945,Tangerines,2013,87,8.2,73.0,44137,0.14
946,The Past,2013,130,7.7,85.0,47417,1.33
947,Jab We Met,2007,138,7.9,,50320,0.41
948,Dil Chahta Hai,2001,183,8.1,,69808,0.3
949,La Grande Illusion,1937,113,8.1,,35389,0.17
950,Rang De Basanti,2006,167,8.1,,116632,2.2
951,Drishyam 2,2021,152,8.6,,30994,
952,Hindi Medium,2017,132,7.9,,26123,
953,Nine Queens,2000,114,7.9,80.0,51431,1.22
954,No Man's Land,2001,98,7.9,84.0,46107,1.06
955,The Virgin Spring,1960,89,8.1,,28092,1.53
956,Masaan,2015,109,8.2,,25948,
957,Elite Squad 2: The Enemy Within,2010,115,8.0,71.0,81172,0.1
958,Joyeux Noel,2005,116,7.7,70.0,28756,1.05
959,White Heat,1949,114,8.1,,31548,
960,G.O.R.A.,2004,127,8.0,,59847,
961,Sanjuro,1962,96,8.1,,36732,
962,Central Station,1998,110,8.0,80.0,38200,5.6
963,Special 26,2013,144,8.0,,53904,1.08
964,Baahubali 2: The Conclusion,2017,167,8.2,,81346,20.19
965,Hera Pheri,2000,156,8.2,,62409,
966,Gully Boy,2019,154,7.9,65.0,35899,5.57
967,Love and Death,1975,85,7.7,89.0,37516,
968,Dilwale Dulhania Le Jayenge,1995,181,8.1,,66552,
969,Vizontele,2001,110,8.0,,35297,
970,Le Dîner de Cons,1998,80,7.7,73.0,40152,4.07
971,C.R.A.Z.Y.,2005,129,7.9,81.0,32077,
972,A Wednesday,2008,104,8.1,,76491,
973,Dev.D,2009,144,8.0,,29848,0.01
974,Drishyam,2013,160,8.3,,38244,
975,Udta Punjab,2016,148,7.8,,28890,
976,Bhaag Milkha Bhaag,2013,186,8.2,,64886,1.63
977,Knockin' on Heaven's Door,1997,87,7.9,,29014,0.0
978,The Circus,1928,72,8.1,90.0,32316,
979,Airlift,2016,130,8.0,,55200,
980,Raazi,2018,138,7.8,,28117,
981,Zelig,1983,79,7.7,,41178,11.8
982,Veer Zaara,2004,192,7.8,67.0,51168,2.92
983,Munna Bhai M.B.B.S.,2003,156,8.1,,78078,
984,Sholay,1975,162,8.2,,53756,
985,Andaz Apna Apna,1994,160,8.1,,51785,
986,Swades,2004,189,8.2,,87200,1.22
987,OMG: Oh My God!,2012,125,8.1,,55320,0.92
988,The Edge of Heaven,2007,122,7.8,85.0,31581,0.74
989,Vicky Donor,2012,126,7.8,,41593,0.17
990,Chak De! India,2007,153,8.2,68.0,77540,1.11
991,English Vinglish,2012,134,7.8,,35071,1.67
992,Black,2005,122,8.2,,34229,0.73
993,Kahaani,2012,122,8.1,,60496,1.04
994,Kai Po Che,2013,120,7.8,40.0,35408,1.12
995,Paan Singh Tomar,2012,135,8.2,,34986,0.04
996,Udaan,2010,134,8.2,,43971,0.01
997,The Breath,2009,128,8.0,,32857,
998,"Carry On, Munna Bhai",2006,144,8.1,,45361,2.22
999,Anand,1971,122,8.2,,32855,
